IAMA:
[[191, 25, 34, 41, 16, 32, 12], 
	[185, 19, 21, 25, 17, 29, 9], 
	[124, 29, 15, 22, 13, 21, 12], 
	[118, 21, 22, 26, 15, 26, 13], 
	[86, 12, 9, 19, 10, 20, 7], 
	[83, 11, 14, 31, 14, 19, 9], 
	[82, 18, 17, 24, 16, 21, 9], 
	[97, 33, 53, 60, 17, 27, 7], 
	[136, 27, 97, 89, 29, 28, 14], 
	[123, 57, 100, 91, 54, 25, 11], 
	[137, 66, 158, 84, 153, 33, 17], 
	[88, 204, 162, 120, 328, 22, 9], 
	[87, 237, 575, 145, 337, 91, 16], 
	[80, 209, 484, 184, 434, 84, 19], 
	[153, 190, 309, 192, 270, 42, 89], 
	[949, 142, 235, 114, 146, 61, 54], 
	[275, 127, 169, 81, 116, 63, 115], 
	[218, 98, 133, 872, 97, 41, 122], 
	[179, 55, 146, 1337, 53, 37, 309], 
	[140, 55, 82, 280, 49, 35, 237], 
	[72, 51, 77, 42, 31, 27, 227], 
	[61, 32, 53, 28, 41, 24, 204], 
	[51, 41, 48, 33, 34, 32, 289], 
	[30, 39, 45, 22, 45, 20, 258]]

twitter:
[[155409. 166248. 201218. 203800. 167796. 189858. 151268. 135677. 141511.
  160880. 159902. 176463. 192537. 212144. 224270. 228174. 199907. 178097.
  162819. 151711. 145482. 145339. 147834. 150249.]
 [145660. 150502. 152802. 159083. 147235. 142778. 130208. 123072. 130412.
  138674. 148932. 166790. 183541. 200291. 208934. 213729. 183568. 171701.
  155544. 147055. 142249. 136859. 136761. 137609.]
 [137551. 143278. 147759. 152406. 144208. 137818. 139981. 136849. 143081.
  149601. 161203. 172214. 186350. 205163. 215422. 218835. 189740. 176111.
  163135. 154418. 147399. 146112. 145649. 148284.]
 [157257. 171751. 208594. 207169. 172172. 150393. 136331. 136751. 141846.
  166671. 166142. 177975. 196859. 209372. 219176. 220903. 191717. 176718.
  162914. 162490. 149862. 150468. 155372. 152191.]
 [144738. 150890. 151843. 160217. 137736. 127099. 127951. 122581. 131604.
  140937. 154159. 171257. 190491. 203810. 230696. 225103. 202946. 230489.
  222485. 177185. 158133. 155547. 162598. 158222.]
 [159324. 158591. 160068. 169288. 146174. 135924. 135947. 131707. 137423.
  148962. 167003. 185455. 214425. 223367. 218074. 232295. 231877. 205901.
  173082. 162586. 152217. 154913. 155536. 153228.]]

